[12, 22, 33, 34, 51, 64, 89, 95, 106, 111, 126, 129, 135, 152, 154, 169, 175, 180, 187, 192, 195, 202, 205, 213, 215, 217, 230, 235, 240, 250, 252, 259, 263, 265, 287, 307, 313, 314, 321, 330, 348, 355, 358, 360, 371, 383, 387, 404, 405, 422, 425, 431, 459, 464, 472, 478, 487, 488, 491, 497, 510, 513, 521, 534, 537, 541, 546, 550, 551, 559, 577, 578, 580, 588, 591, 610, 616, 625, 636, 642, 647, 649, 651, 671, 680, 681, 688, 696, 710]
[1 0 0 0 0 0]
[0 1 0 0 0 0]

[0 1 0 0 0 0]
[0 0 0 1 0 0]

[0 0 0 1 0 0]
[0 0 0 0 1 0]

[0 0 0 1 0 0]
[0 0 0 0 0 1]

[1 0 1 0 0 0]
[0 0 0 0 0 1]

[1 0 0 0 0 1]
[0 0 1 0 0 0]

[0 1 0 0 1 0]
[0 0 1 0 0 0]

[0 1 0 0 0 0]
[0 0 1 1 0 0]

[0 0 1 0 1 0]
[0 0 0 1 0 0]

[0 0 1 0 0 0]
[0 0 0 1 0 1]

[1 1 0 1 0 0]
[0 0 0 0 1 0]

[1 1 0 0 1 0]
[0 0 1 0 0 0]

[1 1 0 0 0 0]
[1 0 1 0 0 0]

[1 0 1 0 1 0]
[0 0 0 1 0 0]

[1 0 1 0 0 1]
[0 1 0 0 0 0]

[1 0 0 1 1 0]
[0 0 0 0 0 1]

[1 0 0 1 0 0]
[0 1 1 0 0 0]

[1 0 0 1 0 0]
[0 0 0 0 1 1]

[1 0 0 0 1 0]
[0 1 0 0 0 1]

[1 0 0 0 0 1]
[0 1 0 1 0 0]

[1 0 0 0 0 1]
[0 0 1 0 1 0]

[1 0 0 0 0 0]
[0 1 0 0 1 1]

[1 0 0 0 0 0]
[0 0 1 0 1 1]

[0 1 1 0 1 0]
[0 0 0 0 0 1]

[0 1 1 0 0 1]
[0 0 0 0 1 0]

[0 1 1 0 0 0]
[0 1 0 0 1 0]

[0 1 0 1 0 0]
[0 0 1 0 0 1]

[0 1 0 0 1 0]
[0 0 1 1 0 0]

[0 1 0 0 0 1]
[0 0 0 1 1 0]

[0 0 1 1 0 0]
[0 0 0 0 1 1]

[0 0 1 0 1 0]
[0 0 1 0 0 1]

[1 1 1 1 0 0]
[0 0 0 0 1 0]

[1 1 1 0 1 0]
[0 0 0 0 0 1]

[1 1 1 0 0 1]
[0 0 0 0 1 0]

[1 1 0 1 0 0]
[0 1 0 0 1 0]

[1 1 0 0 0 1]
[1 0 0 1 0 0]

[1 1 0 0 0 1]
[0 0 1 0 1 0]

[1 1 0 0 0 1]
[0 0 0 1 1 0]

[1 1 0 0 0 0]
[0 0 1 1 1 0]

[1 0 1 1 0 0]
[1 0 0 0 1 0]

[1 0 1 0 1 0]
[0 0 0 0 1 1]

[1 0 1 0 0 1]
[0 0 0 1 1 0]

[1 0 1 0 0 0]
[1 0 0 0 1 1]

[1 0 1 0 0 0]
[0 1 0 1 0 1]

[1 0 0 1 0 1]
[1 0 0 0 1 0]

[1 0 0 0 1 1]
[0 0 1 1 0 0]

[1 0 0 0 1 0]
[0 0 1 1 0 1]

[0 1 1 1 0 0]
[0 0 0 1 1 0]

[0 1 1 1 0 0]
[0 0 0 1 0 1]

[0 1 1 0 0 0]
[0 0 0 1 1 1]

[0 1 0 1 1 0]
[0 0 1 0 0 1]

[0 1 0 1 0 0]
[0 1 0 0 1 1]

[1 1 1 0 1 0]
[0 1 0 0 0 1]

[1 1 1 0 0 1]
[1 0 0 1 0 0]

[1 1 1 0 0 0]
[1 0 0 1 0 1]

[1 1 1 0 0 0]
[0 0 1 1 0 1]

[1 1 0 1 1 0]
[0 0 0 1 0 1]

[1 1 0 1 1 0]
[0 0 0 0 1 1]

[1 1 0 1 0 1]
[0 1 1 0 0 0]

[1 1 0 1 0 0]
[1 0 0 0 1 1]

[1 1 0 0 1 0]
[1 0 1 1 0 0]

[1 1 0 0 1 0]
[0 1 1 1 0 0]

[1 1 0 0 0 1]
[1 0 1 0 1 0]

[1 1 0 0 0 0]
[0 0 1 1 1 1]

[1 0 1 1 1 0]
[0 1 0 0 0 1]

[1 0 1 1 0 1]
[1 0 0 0 1 0]

[1 0 1 1 0 0]
[0 1 1 0 1 0]

[1 0 1 1 0 0]
[0 1 0 0 1 1]

[1 0 1 1 0 0]
[0 0 1 0 1 1]

[1 0 1 0 1 0]
[0 1 0 1 1 0]

[1 0 0 1 1 0]
[0 1 1 0 0 1]

[1 0 0 1 1 0]
[0 1 0 1 0 1]

[1 0 0 1 1 0]
[0 0 1 1 0 1]

[1 0 0 1 0 1]
[0 0 1 0 1 1]

[1 0 0 0 1 1]
[0 1 1 0 1 0]

[0 1 1 0 1 1]
[0 1 0 1 0 0]

[0 1 1 0 0 1]
[0 0 1 1 1 0]

[1 1 1 1 1 0]
[1 0 0 0 0 1]

[1 1 1 1 0 0]
[0 0 1 0 1 1]

[1 1 1 0 1 0]
[0 1 0 1 0 1]

[1 1 1 0 0 1]
[0 0 1 1 1 0]

[1 1 1 0 0 0]
[1 0 0 1 1 1]

[1 1 1 0 0 0]
[0 0 1 1 1 1]

[1 1 0 0 1 0]
[0 0 1 1 1 1]

[1 0 1 1 0 1]
[0 1 0 1 1 0]

[1 0 1 1 0 1]
[0 1 0 0 1 1]

[1 0 1 0 1 0]
[0 1 0 1 1 1]

[1 0 0 1 0 1]
[0 1 1 1 1 0]

[1 1 0 1 1 0]
[1 0 1 0 1 1]

